98 49 113 108
91 69 104 127
48 74 77 107
59 30 106 42
63 64 79 122
14 104 91 123
51 42 101 53
13 91 51 119
99 37 115 109
73 74 84 112
88 19 109 116
63 74 74 117
15 44 61 60
80 55 95 114
56 41 104 51
54 21 113 31
38 27 98 42
85 40 126 49
48 40 117 72
58 42 119 72
52 42 109 55
79 18 91 68
38 17 52 68
90 62 104 114
83 18 100 79
76 20 93 90
38 22 50 95
26 31 52 71
82 47 130 60
4 40 39 100
25 81 74 104
40 89 72 120
57 75 105 125
72 23 127 72
73 66 84 105
12 37 94 58
40 32 61 115
36 3 116 25
10 13 31 96
22 80 67 90
23 79 85 92
10 93 64 104
92 65 107 116
89 65 101 119
11 88 67 104
71 39 116 50
62 25 117 38
27 9 40 65
65 20 112 46
4 101 36 118
11 60 55 89
38 73 86 108
64 37 107 50
73 36 120 62
63 37 115 50
79 60 106 99
